0.000000 0.99997587 0.00624070 0.00305299 0.00000000 -0.00617803 0.99977838 -0.02012542 0.00000000 -0.00317791 0.02010607 0.99979280 0.00000000 0.00000000 0.00000000 0.00000000 1.00000000
0.334892 0.99993697 0.00630509 0.00929030 -0.52570072 -0.00611647 0.99977738 -0.02019332 0.00402526 -0.00941555 0.02013522 0.99975293 1.51116596 0.00000000 0.00000000 0.00000000 1.00000000
0.535938 0.99998321 0.00513690 0.00268201 -0.48066913 -0.00511062 0.99993975 -0.00971468 0.00287122 -0.00273175 0.00970081 0.99994921 3.11053172 0.00000000 0.00000000 0.00000000 1.00000000
0.803929 0.99951758 -0.00522509 -0.03061534 -0.42524177 0.00516859 0.99998479 -0.00192430 0.09429106 0.03062493 0.00176513 0.99952939 4.70695591 0.00000000 0.00000000 0.00000000 1.00000000
1.138818 0.99828337 -0.00788942 -0.05803503 -0.69173484 0.00771426 0.99996499 -0.00324162 0.22165315 0.05805857 0.00278836 0.99830928 6.27945721 0.00000000 0.00000000 0.00000000 1.00000000
1.406840 0.99829001 -0.00800038 -0.05790547 -2.28859341 0.00771529 0.99995700 -0.00514525 0.19740557 0.05794414 0.00468970 0.99830881 6.18222163 0.00000000 0.00000000 0.00000000 1.00000000
1.607573 0.99860246 -0.00024603 -0.05284938 -1.86652868 -0.00048672 0.99990394 -0.01385160 -0.01559313 0.05284771 0.01385797 0.99850642 7.71078073 0.00000000 0.00000000 0.00000000 1.00000000
2.411642 0.99931281 0.00256806 -0.03697726 -1.48300935 -0.00330171 0.99979864 -0.01979334 0.09001850 0.03691898 0.01990182 0.99912007 9.26054171 0.00000000 0.00000000 0.00000000 1.00000000
2.746410 0.99971460 0.00570329 -0.02319891 -0.92864104 -0.00620993 0.99974250 -0.02182596 0.19006549 0.02306845 0.02196379 0.99949259 10.75809517 0.00000000 0.00000000 0.00000000 1.00000000
3.081544 0.99993791 0.00268127 -0.01081583 -0.25804062 -0.00293376 0.99972195 -0.02339693 0.40629876 0.01075009 0.02342721 0.99966775 12.19459726 0.00000000 0.00000000 0.00000000 1.00000000
3.416437 0.99993861 0.00265951 -0.01075670 1.34178719 -0.00293098 0.99967556 -0.02530167 0.41195954 0.01068592 0.02533165 0.99962199 12.21737688 0.00000000 0.00000000 0.00000000 1.00000000
3.684429 0.99987865 0.00917178 0.01259238 1.88134008 -0.00884062 0.99962007 -0.02610685 0.18859782 -0.01282704 0.02599236 0.99957984 10.72774866 0.00000000 0.00000000 0.00000000 1.00000000
4.086357 0.99987335 0.00917997 0.01300015 3.47937716 -0.00881268 0.99956813 -0.02803380 0.18542253 -0.01325188 0.02791568 0.99952244 10.64858162 0.00000000 0.00000000 0.00000000 1.00000000
4.354250 0.99990485 0.00916222 0.01031243 5.07906500 -0.00886637 0.99955795 -0.02837775 0.21574101 -0.01056788 0.02828362 0.99954407 10.63965973 0.00000000 0.00000000 0.00000000 1.00000000
4.622309 0.99911520 0.01397438 0.03966783 5.35619494 -0.01325209 0.99974263 -0.01841332 0.36190505 -0.03991494 0.01787135 0.99904325 12.20868333 0.00000000 0.00000000 0.00000000 1.00000000
5.091248 0.99703212 0.02220353 0.07371543 5.68883396 -0.02262444 0.99973213 0.00487965 0.59671815 -0.07358733 -0.00653294 0.99726738 13.75600815 0.00000000 0.00000000 0.00000000 1.00000000
5.292238 0.98854344 0.03339540 0.14719583 7.07491178 -0.03554253 0.99929635 0.01198021 0.74931632 -0.14669217 -0.01707467 0.98903481 14.54054756 0.00000000 0.00000000 0.00000000 1.00000000
5.627113 0.97489781 0.04380506 0.21830110 8.65813249 -0.05252371 0.99803065 0.03429418 0.65538033 -0.21636893 -0.04489931 0.97527870 14.32938836 0.00000000 0.00000000 0.00000000 1.00000000
5.962099 0.94736593 0.02727489 0.31898884 9.86460357 -0.05509945 0.99538790 0.07853017 0.92759206 -0.31537573 -0.09197292 0.94449941 15.34443926 0.00000000 0.00000000 0.00000000 1.00000000
6.296986 0.85407649 0.03237810 0.51913872 11.25034675 -0.09079417 0.99201808 0.08750167 1.06787443 -0.51216186 -0.12186789 0.85019906 16.13186334 0.00000000 0.00000000 0.00000000 1.00000000
6.700073 0.52443359 0.00629002 0.85142812 12.84812719 -0.09818086 0.99374918 0.05313266 1.03844636 -0.84577180 -0.11145850 0.52177301 16.21080412 0.00000000 0.00000000 0.00000000 1.00000000
7.301746 0.37573653 0.02120130 0.92648398 11.29316615 -0.09924860 0.99490907 0.01748326 1.05507713 -0.92139664 -0.09852134 0.37592788 16.58739351 0.00000000 0.00000000 0.00000000 1.00000000
7.502790 0.18962637 0.03878076 0.98109015 10.73930351 -0.09180158 0.99554284 -0.02160852 1.04366405 -0.97755527 -0.08596808 0.19234131 18.08842846 0.00000000 0.00000000 0.00000000 1.00000000
7.770723 0.03947677 0.02244126 0.99896846 9.58433331 -0.09569207 0.99523764 -0.01857594 0.89661792 -0.99462788 -0.09486005 0.04143622 16.99096717 0.00000000 0.00000000 0.00000000 1.00000000
8.038739 -0.04901196 0.00455309 0.99878781 11.17758151 -0.11038197 0.99383946 -0.00994714 1.02891979 -0.99268003 -0.11073569 -0.04820744 17.05465699 0.00000000 0.00000000 0.00000000 1.00000000
8.239591 -0.10203812 -0.00679487 0.99475728 12.76901590 -0.12441208 0.99221259 -0.00598419 1.10756541 -0.98697004 -0.12437044 -0.10208888 16.90922163 0.00000000 0.00000000 0.00000000 1.00000000
8.373480 -0.17426211 -0.01498474 0.98458528 14.28313763 -0.13561705 0.99072113 -0.00892479 1.03606887 -0.97531571 -0.13508180 -0.17467734 16.39704622 0.00000000 0.00000000 0.00000000 1.00000000
8.574586 -0.21287754 -0.00528308 0.97706461 15.82555030 -0.13014341 0.99122848 -0.02299528 0.95079708 -0.96837278 -0.13205370 -0.21169784 15.98028266 0.00000000 0.00000000 0.00000000 1.00000000
8.708578 -0.23667518 0.01420828 0.97148494 17.40960928 -0.11432252 0.99253984 -0.04236771 0.91577708 -0.96483948 -0.12108999 -0.23328522 15.75772759 0.00000000 0.00000000 0.00000000 1.00000000
8.842466 -0.24679486 0.03123915 0.96856410 18.74923479 -0.09413142 0.99398105 -0.05604407 0.83423411 -0.96448513 -0.10500371 -0.24236882 14.88666259 0.00000000 0.00000000 0.00000000 1.00000000
8.976476 -0.25339980 0.03826451 0.96660456 20.14651526 -0.07772176 0.99518178 -0.05977090 0.78172005 -0.96423434 -0.09027215 -0.24920488 14.10894185 0.00000000 0.00000000 0.00000000 1.00000000
9.110475 -0.25920380 0.03749417 0.96509459 21.65507054 -0.06846990 0.99601865 -0.05708513 0.82959408 -0.96339258 -0.08087661 -0.25560460 13.57793427 0.00000000 0.00000000 0.00000000 1.00000000
9.311490 -0.26098082 0.02833893 0.96492793 22.22124747 -0.06835001 0.99651790 -0.04775309 0.96688488 -0.96292123 -0.07841547 -0.25813509 15.06810034 0.00000000 0.00000000 0.00000000 1.00000000
9.445396 -0.24808648 -0.00151772 0.96873670 23.69018941 -0.08073358 0.99655243 -0.01911399 0.95004373 -0.96536790 -0.08295151 -0.24735372 14.43412404 0.00000000 0.00000000 0.00000000 1.00000000
9.646391 -0.22823082 0.00766597 0.97357687 24.48689152 -0.09510327 0.99501135 -0.03012934 0.88138065 -0.96895101 -0.09946679 -0.22636319 13.04828454 0.00000000 0.00000000 0.00000000 1.00000000
9.847403 -0.21975055 0.01218010 0.97548006 25.95659302 -0.09901770 0.99447965 -0.03472348 1.00530924 -0.97051800 -0.10422030 -0.21733141 12.42810779 0.00000000 0.00000000 0.00000000 1.00000000
10.048145 -0.20504196 -0.03700840 0.97805326 27.51089233 -0.09484790 0.99533302 0.01777806 1.27182649 -0.97414664 -0.08912105 -0.20759520 12.15769656 0.00000000 0.00000000 0.00000000 1.00000000
10.249251 -0.19022062 -0.06877643 0.97932932 28.94087504 -0.09169864 0.99442682 0.05202556 1.52393981 -0.97744948 -0.07990683 -0.19546719 11.48569335 0.00000000 0.00000000 0.00000000 1.00000000
10.383305 -0.15672931 -0.06686228 0.98537574 29.50584952 -0.09200188 0.99435596 0.05283823 1.39920076 -0.98334713 -0.08237512 -0.16199618 9.99396817 0.00000000 0.00000000 0.00000000 1.00000000
10.584178 -0.15672931 -0.06686228 0.98537574 29.62223680 -0.09200188 0.99435596 0.05283823 -0.18809857 -0.98334713 -0.08237512 -0.16199618 10.15808659 0.00000000 0.00000000 0.00000000 1.00000000
10.718390 -0.17076212 -0.12618426 0.97719897 31.04152970 -0.09824101 0.98900420 0.11054138 0.05043120 -0.98040247 -0.07712473 -0.18128092 9.45900777 0.00000000 0.00000000 0.00000000 1.00000000
10.986203 -0.19807649 -0.11859302 0.97298582 31.46997294 -0.10515388 0.98949599 0.09919857 1.53085702 -0.97452982 -0.08266433 -0.20846641 9.02915222 0.00000000 0.00000000 0.00000000 1.00000000
11.186997 -0.21955167 -0.03454594 0.97498905 31.15745680 -0.10129451 0.99477874 0.01243726 -0.03353427 -0.97032803 -0.09603042 -0.22190464 9.15168210 0.00000000 0.00000000 0.00000000 1.00000000
11.321149 -0.27071199 0.08272021 0.95909978 30.83246189 -0.12643915 0.98461494 -0.12060909 -1.54958948 -0.95432078 -0.15391809 -0.25608800 9.54659335 0.00000000 0.00000000 0.00000000 1.00000000
11.522098 -0.36566922 0.02632376 0.93037255 31.36315892 -0.14860322 0.98512587 -0.08627925 -0.13735446 -0.91880526 -0.16980602 -0.35631841 9.01372103 0.00000000 0.00000000 0.00000000 1.00000000
11.722974 -0.48634466 -0.08267502 0.86984695 30.70805415 -0.15527734 0.98784560 0.00707234 -0.24371398 -0.85985919 -0.13162792 -0.49327099 7.55786204 0.00000000 0.00000000 0.00000000 1.00000000
11.924015 -0.60036969 -0.10562582 0.79271649 30.22852853 -0.17158847 0.98516784 0.00131529 -0.58191374 -0.78109771 -0.13523135 -0.60958908 6.06934731 0.00000000 0.00000000 0.00000000 1.00000000
12.125078 -0.68658014 -0.03857952 0.72602984 29.48310550 -0.17118696 0.97909455 -0.10985853 -0.90845432 -0.70661357 -0.19971352 -0.67883118 4.69177127 0.00000000 0.00000000 0.00000000 1.00000000
12.327320 -0.73424595 0.02515517 0.67841735 29.63440970 -0.13338756 0.97448878 -0.18049759 0.58405982 -0.66565055 -0.22302206 -0.71215905 4.13543632 0.00000000 0.00000000 0.00000000 1.00000000
12.527743 -0.75450836 0.01154520 0.65618888 31.19379887 -0.11400832 0.98233762 -0.14837421 0.54986736 -0.64631203 -0.18676058 -0.73986569 3.77887457 0.00000000 0.00000000 0.00000000 1.00000000
12.727924 -0.75195583 -0.00041229 0.65921337 32.58000842 -0.11216086 0.98549913 -0.12732403 0.33623745 -0.64960171 -0.16967998 -0.74109805 3.00894902 0.00000000 0.00000000 0.00000000 1.00000000
12.861762 -0.73568646 -0.00881210 0.67726493 33.78800910 -0.11429870 0.98719051 -0.11131357 0.10892067 -0.66760860 -0.15930239 -0.72726990 1.98471202 0.00000000 0.00000000 0.00000000 1.00000000
12.996417 -0.68788289 -0.00006331 0.72582169 34.93333024 -0.10554527 0.98937949 -0.09994210 -0.00766517 -0.71810676 -0.14535551 -0.68058391 0.87356521 0.00000000 0.00000000 0.00000000 1.00000000
13.196830 -0.64941207 -0.01217376 0.76033924 33.33393865 -0.12141197 0.98870532 -0.08786885 -0.01707229 -0.75068176 -0.14937737 -0.64355520 0.91667028 0.00000000 0.00000000 0.00000000 1.00000000
13.464600 -0.63096682 -0.01781657 0.77560521 34.44966230 -0.13415048 0.98718229 -0.08645675 -0.19334561 -0.76412336 -0.15859915 -0.62526938 -0.21650599 0.00000000 0.00000000 0.00000000 1.00000000
13.665685 -0.56980042 0.00256611 0.82177911 35.40501836 -0.12263729 0.98853169 -0.08812035 0.16012868 -0.81258081 -0.15099178 -0.56295107 1.01732979 0.00000000 0.00000000 0.00000000 1.00000000
13.874745 -0.48754920 -0.00793875 0.87305942 36.87048336 -0.09751784 0.99419693 -0.04541738 0.45193244 -0.86763244 -0.10728208 -0.48549409 0.44526081 0.00000000 0.00000000 0.00000000 1.00000000
14.067633 -0.40313391 -0.03207621 0.91457868 36.60488753 -0.10795570 0.99407431 -0.01272112 0.28965192 -0.90875113 -0.10386229 -0.40420788 -1.12417345 0.00000000 0.00000000 0.00000000 1.00000000
14.268652 -0.36293972 -0.05312296 0.93029711 38.18932022 -0.16273811 0.98664340 -0.00714901 0.23973051 -0.91749173 -0.15398945 -0.36673721 -1.34115477 0.00000000 0.00000000 0.00000000 1.00000000
14.469581 -0.32299928 -0.01921978 0.94620403 39.69915259 -0.19606349 0.97946259 -0.04703353 -0.28187522 -0.92586747 -0.20070786 -0.32013401 -1.24986584 0.00000000 0.00000000 0.00000000 1.00000000
14.670445 -0.29911604 0.07539440 0.95123356 41.09541716 -0.15713042 0.97937340 -0.12703452 0.21862480 -0.94119054 -0.18746579 -0.28109954 -1.84981999 0.00000000 0.00000000 0.00000000 1.00000000
14.871611 -0.26843024 0.07235162 0.96057818 39.94816207 -0.12756904 0.98572278 -0.10989426 0.01661724 -0.95481482 -0.15203898 -0.25536798 -2.94663296 0.00000000 0.00000000 0.00000000 1.00000000
15.072441 -0.25903902 0.04835775 0.96465554 39.76139068 -0.13075149 0.98779657 -0.08462851 -0.28443361 -0.95697588 -0.14805224 -0.24955501 -4.50691654 0.00000000 0.00000000 0.00000000 1.00000000
15.206568 -0.26861665 0.03070167 0.96275776 40.74974603 -0.14830956 0.98625554 -0.07283048 -0.73221218 -0.95176119 -0.16234966 -0.26037131 -5.68277709 0.00000000 0.00000000 0.00000000 1.00000000
15.340478 -0.29705359 0.03413437 0.95425049 42.31812909 -0.17744922 0.97997898 -0.09029379 -0.85171477 -0.93822755 -0.19615310 -0.28504916 -5.97585342 0.00000000 0.00000000 0.00000000 1.00000000
15.610489 -0.29807665 0.03961920 0.95371937 41.79999289 -0.17732663 0.97944788 -0.09610990 -1.16009892 -0.93792621 -0.19776796 -0.28492501 -7.45789057 0.00000000 0.00000000 0.00000000 1.00000000
15.742209 -0.29807665 0.03961920 0.95371937 41.32960364 -0.17732663 0.97944788 -0.09610990 -1.47690780 -0.93792621 -0.19776796 -0.28492501 -8.95400757 0.00000000 0.00000000 0.00000000 1.00000000
15.876335 -0.29756283 0.03785732 0.95395135 40.84397115 -0.17742850 0.97961301 -0.09422037 -1.78600390 -0.93807009 -0.19729464 -0.28477945 -10.44686412 0.00000000 0.00000000 0.00000000 1.00000000
16.010338 -0.31581451 0.03920530 0.94801062 42.22829517 -0.17151940 0.98032626 -0.09768065 -1.94335349 -0.93318931 -0.19345118 -0.30287679 -11.23355855 0.00000000 0.00000000 0.00000000 1.00000000
16.211274 -0.31585621 0.04103158 0.94791944 41.74203906 -0.17149256 0.98014093 -0.09956935 -2.25112582 -0.93318013 -0.19401073 -0.30254698 -12.72648560 0.00000000 0.00000000 0.00000000 1.00000000
16.345238 -0.34524688 0.03480602 0.93786626 43.19798758 -0.17334652 0.97975324 -0.10017276 -2.26196185 -0.92236412 -0.19716019 -0.33222325 -13.38988329 0.00000000 0.00000000 0.00000000 1.00000000
16.546233 -0.36790008 0.02360223 0.92956574 44.55972985 -0.17285610 0.98051738 -0.09330827 -2.28579444 -0.91365765 -0.19500923 -0.35665263 -14.22957966 0.00000000 0.00000000 0.00000000 1.00000000
16.680260 -0.41078169 0.00615455 0.91171296 45.64741904 -0.17432879 0.98099740 -0.08516789 -2.51484415 -0.89491222 -0.19392322 -0.40190286 -15.38043519 0.00000000 0.00000000 0.00000000 1.00000000
16.881117 -0.47403093 -0.00242089 0.88050487 46.88883256 -0.17205480 0.98097380 -0.08993076 -2.65389866 -0.86353450 -0.19412505 -0.46542845 -16.38021332 0.00000000 0.00000000 0.00000000 1.00000000
17.082167 -0.57344209 -0.02943711 0.81871706 48.08958229 -0.18155704 0.97907094 -0.09196270 -2.60339237 -0.79887497 -0.20137913 -0.56678500 -17.43645629 0.00000000 0.00000000 0.00000000 1.00000000
17.350041 -0.62190983 -0.05062713 0.78145061 49.21015858 -0.18679813 0.97869193 -0.08525584 -2.62807463 -0.76048315 -0.19899495 -0.61811519 -18.57825294 0.00000000 0.00000000 0.00000000 1.00000000
17.484121 -0.68786349 -0.06996333 0.72246035 50.51449736 -0.18580807 0.97915106 -0.08208881 -2.86306816 -0.70165461 -0.19070486 -0.68652201 -19.47462248 0.00000000 0.00000000 0.00000000 1.00000000
17.685059 -0.73301762 -0.03825132 0.67913327 51.45818866 -0.16162258 0.97961866 -0.11927039 -3.22502941 -0.66072938 -0.19719056 -0.72426002 -20.71495744 0.00000000 0.00000000 0.00000000 1.00000000
17.952831 -0.74148564 -0.01662207 0.67076281 52.45175087 -0.14484353 0.98008731 -0.13582791 -3.40496918 -0.65514838 -0.19787010 -0.72912827 -21.95610844 0.00000000 0.00000000 0.00000000 1.00000000
18.086970 -0.75021186 0.00013331 0.66119751 53.34504855 -0.12336871 0.98241082 -0.14017541 -3.66273307 -0.64958628 -0.18673233 -0.73699980 -23.25825168 0.00000000 0.00000000 0.00000000 1.00000000
18.287980 -0.75136423 0.00178672 0.65988530 52.24258485 -0.12279409 0.98215180 -0.14247615 -3.86227625 -0.64836210 -0.18808150 -0.73773433 -24.40051098 0.00000000 0.00000000 0.00000000 1.00000000
18.421973 -0.75492533 0.00096083 0.65581005 53.13594635 -0.13040880 0.97980869 -0.15155355 -4.21505206 -0.64271400 -0.19993501 -0.73955710 -25.68014157 0.00000000 0.00000000 0.00000000 1.00000000
18.555747 -0.76217357 0.00299032 0.64736582 54.72708930 -0.14131107 0.97510640 -0.17087626 -4.23997071 -0.63176153 -0.22171733 -0.74277776 -25.84640387 0.00000000 0.00000000 0.00000000 1.00000000
18.756859 -0.76498993 0.01181493 0.64393385 55.76319721 -0.13448255 0.97486124 -0.17765135 -4.29667150 -0.62984510 -0.22249936 -0.74417014 -27.06429771 0.00000000 0.00000000 0.00000000 1.00000000
19.028794 -0.78647944 -0.00542808 0.61759260 56.72379966 -0.13104239 0.97866066 -0.15827569 -4.40751985 -0.60355446 -0.20541139 -0.77040780 -28.33903517 0.00000000 0.00000000 0.00000000 1.00000000
19.292798 -0.80315170 -0.01712145 0.59552850 57.38248179 -0.13688799 0.97814744 -0.15649045 -4.66201067 -0.57983534 -0.20720627 -0.78794451 -29.77478316 0.00000000 0.00000000 0.00000000 1.00000000
19.429897 -0.84175747 -0.02222521 0.53939819 58.26281803 -0.13680894 0.97531884 -0.17331034 -4.90857465 -0.52223336 -0.21967976 -0.82402253 -31.08787657 0.00000000 0.00000000 0.00000000 1.00000000
19.694585 -0.86495242 -0.02058617 0.50143148 56.93162510 -0.12422621 0.97684623 -0.17418180 -4.91267404 -0.48623571 -0.21294990 -0.84748285 -31.97551871 0.00000000 0.00000000 0.00000000 1.00000000
19.895695 -0.88218999 -0.02913147 0.46999168 57.79077974 -0.12090298 0.97863856 -0.16628001 -5.00200346 -0.45510800 -0.20351396 -0.86686722 -33.32231993 0.00000000 0.00000000 0.00000000 1.00000000
20.029728 -0.91231684 -0.05054764 0.40635320 58.26854290 -0.11999249 0.98179077 -0.14727081 -5.20181604 -0.39150962 -0.18311698 -0.90176959 -34.83619486 0.00000000 0.00000000 0.00000000 1.00000000
20.297590 -0.92724487 -0.05659616 0.37015379 59.03735371 -0.11625081 0.98317716 -0.14088446 -5.34018126 -0.35595323 -0.17366507 -0.91822532 -36.23254188 0.00000000 0.00000000 0.00000000 1.00000000
20.432022 -0.95717504 -0.06543807 0.28201736 59.20912925 -0.10649950 0.98540262 -0.13281388 -5.59175579 -0.26920957 -0.15716084 -0.95017192 -37.80327528 0.00000000 0.00000000 0.00000000 1.00000000
20.766355 -0.97917972 -0.06083233 0.19366595 59.26460395 -0.08862522 0.98642468 -0.13824584 -5.87910026 -0.18262706 -0.15253122 -0.97127833 -39.37628378 0.00000000 0.00000000 0.00000000 1.00000000
21.101626 -0.98838299 -0.05309698 0.14240709 59.42933510 -0.07673339 0.98313470 -0.16600649 -6.38371216 -0.13119091 -0.17500537 -0.97578792 -40.88566460 0.00000000 0.00000000 0.00000000 1.00000000
21.369270 -0.99180986 -0.03393023 0.12313386 59.58604104 -0.05802149 0.97854306 -0.19770429 -6.60496214 -0.11378363 -0.20322947 -0.97249734 -42.46252594 0.00000000 0.00000000 0.00000000 1.00000000
21.704487 -0.99220582 -0.03488498 0.11962716 57.98789400 -0.05718521 0.98042676 -0.18839645 -6.68033759 -0.11071347 -0.19376896 -0.97478004 -42.44688736 0.00000000 0.00000000 0.00000000 1.00000000
21.838308 -0.99440476 -0.04174441 0.09703910 58.19346611 -0.05898184 0.98149182 -0.18219482 -6.94565287 -0.08763746 -0.18689894 -0.97846229 -44.01128753 0.00000000 0.00000000 0.00000000 1.00000000
21.972408 -0.99603023 -0.05168413 0.07247440 58.23833463 -0.06417822 0.98114124 -0.18232671 -7.20125852 -0.06168422 -0.18625419 -0.98056332 -45.59010119 0.00000000 0.00000000 0.00000000 1.00000000
22.106318 -0.99722583 -0.05876408 0.04568844 58.00327411 -0.06628887 0.98031190 -0.18599563 -7.58676318 -0.03385906 -0.18850828 -0.98148774 -47.12507113 0.00000000 0.00000000 0.00000000 1.00000000
22.240321 -0.99805121 -0.06239911 0.00036901 57.61954925 -0.06130402 0.97939781 -0.19241036 -7.81838406 0.01164483 -0.19205802 -0.98131448 -48.66100960 0.00000000 0.00000000 0.00000000 1.00000000
22.441217 -0.99688412 -0.06115970 -0.04981517 57.25897564 -0.05057312 0.98021123 -0.19138523 -8.07661434 0.06053445 -0.18826959 -0.98025004 -50.19831367 0.00000000 0.00000000 0.00000000 1.00000000
22.642198 -0.99462889 -0.06002763 -0.08432117 57.33094000 -0.04343734 0.98152034 -0.18636260 -8.30496172 0.09394985 -0.18169894 -0.97885593 -51.78029932 0.00000000 0.00000000 0.00000000 1.00000000
22.776232 -0.99090806 -0.05974953 -0.12054548 57.08548719 -0.03752948 0.98316650 -0.17881605 -8.52933880 0.12920045 -0.17266626 -0.97646997 -53.34535774 0.00000000 0.00000000 0.00000000 1.00000000
22.910110 -0.98561415 -0.05902494 -0.15836921 56.58306608 -0.03212452 0.98537789 -0.16732729 -8.73984938 0.16593000 -0.15983261 -0.97309854 -54.84977069 0.00000000 0.00000000 0.00000000 1.00000000
23.043995 -0.97592314 -0.06023025 -0.20963382 55.39769222 -0.02880428 0.98828873 -0.14985228 -8.87465824 0.21620438 -0.14020596 -0.96622873 -55.91593924 0.00000000 0.00000000 0.00000000 1.00000000
23.178096 -0.94898392 -0.06626595 -0.30828289 54.80366949 -0.02635713 0.99091728 -0.13186452 -9.13057928 0.31422097 -0.11701186 -0.94211114 -57.37937404 0.00000000 0.00000000 0.00000000 1.00000000
23.379114 -0.92177194 -0.07197208 -0.38099411 53.71924339 -0.02540650 0.99172086 -0.12587392 -9.53926645 0.38689921 -0.10634732 -0.91596902 -58.48254893 0.00000000 0.00000000 0.00000000 1.00000000
23.512988 -0.88935450 -0.07347881 -0.45127534 52.80242715 -0.01448052 0.99103343 -0.13282720 -9.96977942 0.45698893 -0.11159577 -0.88244405 -59.72113949 0.00000000 0.00000000 0.00000000 1.00000000
23.646878 -0.87193896 -0.07190183 -0.48430628 54.25577527 -0.00556559 0.99054983 -0.13704032 -9.83423583 0.48958296 -0.11679534 -0.86409917 -59.06584782 0.00000000 0.00000000 0.00000000 1.00000000
23.714015 -0.83624157 -0.06262903 -0.54477301 52.85368613 0.01420624 0.99064874 -0.13569545 -9.48748696 0.54817717 -0.12121335 -0.82753194 -59.75425994 0.00000000 0.00000000 0.00000000 1.00000000
23.848052 -0.81722916 -0.05682523 -0.57350448 54.13186737 0.02085973 0.99155835 -0.12797234 -9.78553278 0.57593521 -0.11654588 -0.80914504 -58.83915262 0.00000000 0.00000000 0.00000000 1.00000000
23.915026 -0.77701077 -0.04237188 -0.62805962 53.18903386 0.02962795 0.99416457 -0.10372559 -9.98194228 0.62878967 -0.09920402 -0.77122119 -60.11684127 0.00000000 0.00000000 0.00000000 1.00000000
24.048906 -0.74216989 -0.02784641 -0.66963306 52.85606901 0.03866493 0.99569347 -0.08425873 -11.24685980 0.66909557 -0.08842560 -0.73789704 -61.03831731 0.00000000 0.00000000 0.00000000 1.00000000
24.182684 -0.73891498 -0.04526806 -0.67227632 52.20172048 0.06144589 0.98905619 -0.13413524 -9.90157385 0.67099110 -0.14042316 -0.72804690 -61.60579745 0.00000000 0.00000000 0.00000000 1.00000000
24.317217 -0.74913682 -0.04797763 -0.66067554 51.41833281 0.07666521 0.98439161 -0.15841590 -10.15389382 0.65796388 -0.16932601 -0.73376579 -62.97789015 0.00000000 0.00000000 0.00000000 1.00000000
24.450883 -0.77382226 -0.03558330 -0.63240252 50.68322359 0.09158763 0.98164226 -0.16730265 -10.34061338 0.62674622 -0.18738276 -0.75635764 -64.38670179 0.00000000 0.00000000 0.00000000 1.00000000
24.651837 -0.79397891 -0.03077467 -0.60716588 49.31324087 0.08871644 0.98216171 -0.16579437 -10.49826591 0.60143735 -0.18550283 -0.77708546 -65.19805438 0.00000000 0.00000000 0.00000000 1.00000000
24.785832 -0.82357146 -0.03901267 -0.56586930 48.35066164 0.07191964 0.98239766 -0.17240186 -10.80393497 0.56263453 -0.18268237 -0.80626890 -66.43902483 0.00000000 0.00000000 0.00000000 1.00000000
24.986838 -0.84490218 -0.04648322 -0.53289738 47.69577090 0.06131304 0.98123609 -0.18280167 -11.21795491 0.53139535 -0.18712309 -0.82619848 -67.83891969 0.00000000 0.00000000 0.00000000 1.00000000
25.120857 -0.86818969 -0.04665969 -0.49403394 46.68235570 0.05479572 0.98046697 -0.18889667 -11.52190231 0.49319782 -0.19106909 -0.84867456 -69.03917200 0.00000000 0.00000000 0.00000000 1.00000000
25.254723 -0.90028550 -0.03809417 -0.43362985 45.48972959 0.04918597 0.98088143 -0.18828795 -11.72657250 0.43251214 -0.19084141 -0.88119964 -70.08595424 0.00000000 0.00000000 0.00000000 1.00000000
25.455706 -0.90844907 -0.03326513 -0.41666980 44.44262614 0.04777016 0.98203486 -0.18255288 -11.73766884 0.41525691 -0.18574438 -0.89053957 -71.29568613 0.00000000 0.00000000 0.00000000 1.00000000
25.522757 -0.91833672 -0.02493361 -0.39501390 43.75826556 0.03091498 0.99044621 -0.13438960 -11.74453114 0.39459084 -0.13562676 -0.90879230 -72.74192384 0.00000000 0.00000000 0.00000000 1.00000000
25.723739 -0.91707562 -0.02474450 -0.39794474 43.10895209 0.02376473 0.99290561 -0.11650617 -12.13347293 0.39800445 -0.11630202 -0.90998148 -74.15157497 0.00000000 0.00000000 0.00000000 1.00000000
25.791086 -0.90174977 -0.04228645 -0.43018509 41.96035462 0.00640396 0.99378731 -0.11111150 -13.09369971 0.43221099 -0.10294966 -0.89587668 -74.71609987 0.00000000 0.00000000 0.00000000 1.00000000
25.924646 -0.86976968 -0.06748598 -0.48882138 40.66735390 -0.00358272 0.99144155 -0.13050220 -13.55955793 0.49344490 -0.11175555 -0.86256758 -75.53532223 0.00000000 0.00000000 0.00000000 1.00000000
26.058953 -0.81391663 -0.07849391 -0.57565478 42.01232250 0.00238194 0.99037203 -0.13841086 -13.56342378 0.58097680 -0.11402608 -0.80589330 -76.40195048 0.00000000 0.00000000 0.00000000 1.00000000
26.196669 -0.70047909 -0.05788604 -0.71132148 40.52679761 0.02942819 0.99351464 -0.10983002 -13.51208542 0.71306593 -0.09786653 -0.69423275 -75.80985236 0.00000000 0.00000000 0.00000000 1.00000000
26.393539 -0.60785346 -0.04030550 -0.79302562 39.03991378 0.05786434 0.99380717 -0.09486319 -13.99364171 0.79193806 -0.10355083 -0.60175687 -75.46739070 0.00000000 0.00000000 0.00000000 1.00000000
26.527949 -0.50290642 -0.04184858 -0.86332719 38.65911610 0.09990974 0.98931749 -0.10615533 -15.54724806 0.85854713 -0.13964099 -0.49335303 -75.50345256 0.00000000 0.00000000 0.00000000 1.00000000
26.661660 -0.45222351 -0.06098376 -0.88981733 37.23791115 0.11373625 0.98557171 -0.12534940 -15.85495176 0.88462306 -0.15789043 -0.43876264 -76.17090664 0.00000000 0.00000000 0.00000000 1.00000000
26.728563 -0.34552864 -0.12502002 -0.93004298 36.42391043 0.12686602 0.97576352 -0.17829909 -16.27210778 0.92979297 -0.17959830 -0.32129345 -74.85812955 0.00000000 0.00000000 0.00000000 1.00000000
26.932020 -0.29394087 -0.14479014 -0.94479340 36.10998649 0.13266289 0.97271286 -0.19034244 -15.08314445 0.94657241 -0.18128845 -0.26671179 -75.88175935 0.00000000 0.00000000 0.00000000 1.00000000
27.063451 -0.26048770 -0.12347070 -0.95754955 34.84971346 0.13973285 0.97652534 -0.16392985 -14.66428542 0.95531193 -0.17650284 -0.23711993 -76.77409841 0.00000000 0.00000000 0.00000000 1.00000000
27.197419 -0.24416586 -0.09676053 -0.96489400 33.33351971 0.14061255 0.98096102 -0.13395367 -14.15325159 0.95948483 -0.16838312 -0.22591145 -76.77314483 0.00000000 0.00000000 0.00000000 1.00000000
27.331390 -0.23627243 -0.09521080 -0.96701098 32.15192486 0.13827037 0.98176613 -0.13044756 -13.33349249 0.96179865 -0.16453013 -0.21879944 -77.47444978 0.00000000 0.00000000 0.00000000 1.00000000
27.465390 -0.23550542 -0.10267101 -0.96643461 30.60592270 0.13557580 0.98121038 -0.13727850 -13.49280569 0.96237020 -0.16335498 -0.21716066 -77.85457686 0.00000000 0.00000000 0.00000000 1.00000000
27.599504 -0.25093716 -0.09972382 -0.96285290 29.33246797 0.14547308 0.97949792 -0.13936072 -12.73817884 0.95700999 -0.17503996 -0.23128529 -78.46190822 0.00000000 0.00000000 0.00000000 1.00000000
27.733391 -0.28017205 -0.07857099 -0.95672892 27.88814331 0.15411631 0.98003497 -0.12561698 -12.63593299 0.94749764 -0.18264190 -0.26246934 -79.14269604 0.00000000 0.00000000 0.00000000 1.00000000
27.867399 -0.32743781 -0.06258995 -0.94279742 26.75389843 0.16237750 0.97923175 -0.12140317 -11.84860769 0.93081579 -0.19284108 -0.31047430 -79.95115595 0.00000000 0.00000000 0.00000000 1.00000000
28.001446 -0.38804240 -0.06404071 -0.91941388 25.76183310 0.15704393 0.97839956 -0.13443032 -10.60491315 0.90816315 -0.19655304 -0.36960331 -80.12153868 0.00000000 0.00000000 0.00000000 1.00000000
28.135124 -0.44784067 -0.07030310 -0.89134517 26.84499344 0.15332037 0.97609957 -0.15402105 -11.17659329 0.88086980 -0.20563827 -0.42635819 -79.09200213 0.00000000 0.00000000 0.00000000 1.00000000
28.269316 -0.53577613 -0.08139865 -0.84042739 25.32969325 0.14204970 0.97246664 -0.18474447 -11.26465541 0.83232555 -0.21836414 -0.50946176 -79.59807563 0.00000000 0.00000000 0.00000000 1.00000000
28.470614 -0.55872148 -0.08136740 -0.82535426 23.92703201 0.13867506 0.97199953 -0.18970013 -11.53760450 0.81767936 -0.22044559 -0.53179339 -80.31782575 0.00000000 0.00000000 0.00000000 1.00000000
28.537207 -0.58463428 -0.08996254 -0.80629368 22.54365769 0.12488912 0.97200751 -0.19900780 -11.69250087 0.80162676 -0.21704409 -0.55703357 -81.10667467 0.00000000 0.00000000 0.00000000 1.00000000
28.671051 -0.59640888 -0.09349336 -0.79721731 21.47477357 0.10847888 0.97469340 -0.19546129 -11.98281084 0.79531678 -0.20305609 -0.57117374 -82.26132045 0.00000000 0.00000000 0.00000000 1.00000000
28.805169 -0.60280845 -0.09401363 -0.79232784 20.24048533 0.09716977 0.97699237 -0.18985242 -12.24415465 0.79194697 -0.19143496 -0.57980398 -83.24530822 0.00000000 0.00000000 0.00000000 1.00000000
28.939205 -0.60716474 -0.09731180 -0.78859457 19.01920467 0.09547797 0.97634582 -0.19399173 -12.60218020 0.78881870 -0.19307835 -0.58351162 -84.21499439 0.00000000 0.00000000 0.00000000 1.00000000
29.073450 -0.60862822 -0.10052653 -0.78706169 17.66068952 0.09813652 0.97478835 -0.20039184 -12.94822903 0.78736327 -0.19920362 -0.58341838 -84.98615378 0.00000000 0.00000000 0.00000000 1.00000000
29.207071 -0.60305018 -0.10216160 -0.79113430 16.41138288 0.10185619 0.97378555 -0.20338883 -13.21074506 0.79117368 -0.20323560 -0.57683576 -85.95068384 0.00000000 0.00000000 0.00000000 1.00000000
29.341092 -0.58794876 -0.10493072 -0.80206346 14.99866357 0.10853217 0.97235170 -0.20676783 -13.40202786 0.80158407 -0.20861857 -0.56030462 -86.67706875 0.00000000 0.00000000 0.00000000 1.00000000
29.542113 -0.56570337 -0.10386525 -0.81804139 13.53142544 0.10533963 0.97480563 -0.19661525 -13.55300234 0.81785284 -0.19739808 -0.54050970 -87.29708406 0.00000000 0.00000000 0.00000000 1.00000000
29.676075 -0.53199538 -0.09721116 -0.84114856 12.00153695 0.10547505 0.97804303 -0.17974106 -13.74099612 0.84015233 -0.18434160 -0.51006102 -87.72615230 0.00000000 0.00000000 0.00000000 1.00000000
29.809855 -0.45128689 -0.09561315 -0.88724195 10.47774575 0.11320216 0.98007760 -0.16319670 -13.90126278 0.88516971 -0.17408623 -0.43147256 -88.18699388 0.00000000 0.00000000 0.00000000 1.00000000
30.010970 -0.38317895 -0.09269264 -0.91901141 8.88358691 0.11393333 0.98261094 -0.14661152 -13.97213851 0.91662047 -0.16088448 -0.36595505 -88.30375960 0.00000000 0.00000000 0.00000000 1.00000000
30.144992 -0.25705282 -0.07872344 -0.96318558 9.17147678 0.11719982 0.98678057 -0.11192994 -14.02886840 0.95926433 -0.14165708 -0.24442835 -86.73089561 0.00000000 0.00000000 0.00000000 1.00000000
30.345856 -0.21213472 -0.06879395 -0.97481601 7.58553929 0.12146030 0.98792834 -0.09615090 -14.18684688 0.96966296 -0.13879839 -0.20121817 -86.59002301 0.00000000 0.00000000 0.00000000 1.00000000
30.412754 -0.05208470 -0.03867295 -0.99789357 6.06363811 0.13541953 0.98974648 -0.04542539 -14.13248978 0.98941838 -0.13750024 -0.04631357 -87.08080004 0.00000000 0.00000000 0.00000000 1.00000000
30.613886 0.07313264 -0.02289701 -0.99705935 4.47869457 0.13888075 0.99022954 -0.01255349 -14.08364850 0.98760506 -0.13755428 0.07559805 -86.86733221 0.00000000 0.00000000 0.00000000 1.00000000
30.747892 0.20734500 -0.01568507 -0.97814213 3.02975506 0.14120884 0.98987998 0.01405993 -14.62652031 0.96802279 -0.14103757 0.20746154 -86.46006756 0.00000000 0.00000000 0.00000000 1.00000000
30.881779 0.35161414 -0.02566507 -0.93579314 1.79427956 0.14866275 0.98846998 0.02874863 -14.89409798 0.92426559 -0.14922601 0.35137546 -87.44088481 0.00000000 0.00000000 0.00000000 1.00000000
31.015925 0.54062424 -0.04838133 -0.83987182 0.26985407 0.15443162 0.98708700 0.04254566 -15.36890659 0.82696814 -0.15270398 0.54111477 -87.33752274 0.00000000 0.00000000 0.00000000 1.00000000
